1000
-15917 -15964
-15747 -15076
-15776 -13993
-15845 -13099
-15980 -11649
-15875 -10895
-15938 -9904
-15827 -8942
-15899 -7753
-15845 -6616
-15859 -5558
-15778 -4741
-15871 -3738
-15848 -2566
-15824 -1377
-15892 -283
-15801 769
-15777 1688
-15828 2828
-15931 3666
-15996 4384
-15990 5725
-15794 6632
-15842 7770
-15804 8776
-15987 9930
-15887 10797
-15746 11703
-15955 12953
-15853 13719
-15949 14859
-14869 -15981
-14723 -15114
-15077 -13950
-14807 -12650
-14759 -12026
-15143 -11069
-15204 -9797
-14884 -8829
-15155 -7672
-14932 -6596
-15097 -5755
-14810 -4467
-14886 -3621
-15054 -2682
-14908 -1299
-14829 -626
-14962 638
-14970 1691
-15122 2477
-14825 3398
-14963 4866
-15149 5699
-14997 6858
-14744 7778
-15000 8770
-15075 9890
-14783 10625
-14963 11866
-14922 13073
-14806 13768
-14804 14995
-14041 -15759
-14143 -14968
-14060 -13742
-13896 -12772
-13782 -11755
-14043 -10972
-13931 -9948
-13776 -8544
-13816 -7957
-13880 -6672
-14098 -5877
-14152 -4514
-13706 -3420
-13711 -2447
-13962 -1601
-14161 -401
-14010 339
-14075 1605
-14181 2735
-14001 3776
-13925 4718
-14166 5422
-13740 6884
-13696 7795
-13710 8806
-14103 9606
-13845 10707
-13745 11928
-14123 13054
-14001 13965
-14085 14928
-13005 -15972
-12851 -14958
-13073 -13877
-13000 -12888
-12935 -11707
-13076 -10851
-12731 -10041
-12993 -8628
-12828 -7865
-12984 -6545
-12968 -5926
-13120 -4779
-12828 -3769
-13143 -2839
-12769 -1690
-12933 -744
-12756 271
-12868 1773
-12828 2774
-12925 3387
-12807 4706
-12878 5685
-12813 6891
-13001 7645
-13095 8849
-13094 9795
-12819 10676
-12790 11759
-12955 13029
-13006 13746
-12651 15088
-12020 -15864
-11735 -14829
-11765 -13981
-11801 -13083
-11888 -11961
-11727 -11088
-11690 -9838
-11683 -8957
-11743 -7496
-11722 -6515
-11887 -5702
-12089 -4807
-11741 -3634
-11648 -2820
-11813 -1340
-11730 -359
-11782 533
-11830 1475
-11646 2432
-11862 3560
-11855 4529
-11918 5605
-11755 6589
-11862 7724
-11996 8662
-11945 9911
-11742 10792
-11661 11860
-11671 13065
-11854 13930
-11757 14862
-10667 -15802
-10711 -14827
-11052 -14063
-11005 -12849
-10819 -11833
-10594 -10960
-10658 -9818
-10713 -8984
-10698 -7956
-10678 -6705
-10833 -5573
-11095 -4698
-10822 -3603
-10638 -2708
-10675 -1711
-10767 -448
-11067 448
-10885 1355
-10772 2616
-10716 3439
-11019 4752
-10879 5925
-10996 6526
-11052 7973
-10971 8976
-10854 9926
-10783 10813
-11022 11673
-10596 12650
-10897 14079
-10995 14711
-9863 -15830
-9862 -15213
-9864 -14131
-9972 -12889
-9641 -11824
-9798 -11094
-9680 -9752
-9567 -8529
-9810 -7775
-9693 -6915
-9608 -5497
-9943 -4462
-9621 -3558
-9737 -2809
-9741 -1782
-9906 -773
-9618 610
-10056 1420
-9647 2415
-9667 3679
-9663 4533
-9733 5679
-9608 6762
-9819 7676
-10047 8606
-9820 10011
-10052 10935
-9669 12065
-9905 12840
-9582 14149
-9836 14830
-8549 -15764
-8754 -14846
-8967 -14031
-8841 -12692
-8728 -12120
-8822 -10850
-8716 -9607
-8595 -8705
-9003 -7833
-8752 -6925
-9020 -5783
-8537 -4739
-8677 -3409
-8904 -2779
-8964 -1720
-8817 -739
-8973 751
-8615 1414
-8890 2407
-8959 3801
-8943 4669
-8859 5816
-8812 6544
-8819 7731
-8775 9000
-8743 9807
-8905 10846
-8601 12085
-8821 12677
-9008 13953
-8912 14938
-7699 -15904
-7703 -14848
-7721 -13804
-7861 -12706
-7734 -11767
-7971 -10614
-7909 -9784
-7552 -8650
-7970 -7947
-7870 -6513
-7984 -5593
-7506 -4861
-7889 -3772
-7729 -2423
-7725 -1320
-7889 -713
-7682 666
-7567 1371
-7723 2379
-7984 3381
-7586 4423
-7495 5915
-7679 6887
-7633 7825
-7505 9003
-7714 10049
-7679 10835
-7974 12034
-7647 12939
-7671 13779
-7726 15139
-6949 -15864
-6606 -14716
-6607 -14066
-6469 -12992
-6581 -12116
-6896 -10877
-6655 -9668
-6640 -8967
-6651 -7506
-6830 -6842
-6905 -5640
-6761 -4694
-6504 -3553
-6719 -2675
-6554 -1535
-6795 -349
-6825 277
-6555 1795
-6818 2711
-6815 3367
-6571 4612
-6732 5612
-6858 6490
-6712 7901
-6946 8908
-6935 9632
-6798 10810
-6676 11728
-6929 12667
-6689 14120
-6666 15158
-5583 -15816
-5466 -14979
-5503 -14086
-5814 -13088
-5821 -12123
-5642 -10750
-5741 -9666
-5546 -8579
-5631 -7585
-5609 -6635
-5439 -5445
-5883 -4629
-5847 -3785
-5632 -2470
-5915 -1724
-5633 -408
-5926 515
-5837 1725
-5577 2535
-5424 3828
-5714 4676
-5636 5836
-5767 6625
-5585 7956
-5858 8669
-5649 9605
-5810 10919
-5598 11826
-5504 12760
-5862 14119
-5738 15075
-4788 -15869
-4778 -14755
-4816 -14068
-4480 -12855
-4493 -11918
-4701 -11030
-4515 -10024
-4884 -8571
-4713 -7690
-4904 -6648
-4773 -5604
-4880 -4855
-4450 -3780
-4414 -2709
-4438 -1539
-4568 -716
-4762 720
-4896 1513
-4837 2754
-4888 3824
-4782 4605
-4888 5922
-4649 6486
-4451 7921
-4562 8960
-4657 10019
-4638 10841
-4902 11807
-4553 13126
-4572 13967
-4670 14850
-3522 -15886
-3776 -14864
-3791 -14027
-3600 -13061
-3757 -11732
-3558 -10963
-3484 -10008
-3706 -8712
-3373 -7490
-3626 -6744
-3408 -5430
-3389 -4444
-3681 -3552
-3439 -2839
-3770 -1655
-3723 -322
-3863 496
-3580 1373
-3473 2370
-3694 3353
-3432 4879
-3736 5723
-3843 6752
-3767 7486
-3579 8865
-3648 9779
-3527 10769
-3699 11623
-3365 12732
-3862 13767
-3633 14858
-2444 -15935
-2518 -14951
-2475 -13690
-2564 -12868
-2357 -11721
-2755 -10590
-2651 -9872
-2334 -8548
-2817 -7784
-2643 -6598
-2437 -5563
-2461 -4507
-2381 -3480
-2346 -2663
-2808 -1808
-2418 -354
-2525 486
-2659 1455
-2630 2772
-2387 3524
-2495 4408
-2676 5436
-2630 6605
-2341 7715
-2473 8686
-2757 9801
-2807 11041
-2700 12103
-2505 12752
-2690 14041
-2726 14762
-1539 -15832
-1526 -14772
-1731 -13698
-1418 -13152
-1656 -11915
-1774 -10785
-1580 -9826
-1346 -8819
-1341 -7685
-1419 -6932
-1750 -5519
-1313 -4704
-1418 -3556
-1501 -2814
-1645 -1385
-1730 -350
-1483 618
-1451 1684
-1474 2545
-1402 3833
-1367 4818
-1538 5571
-1650 6666
-1446 7583
-1789 8749
-1666 9616
-1668 10691
-1534 11616
-1382 12707
-1772 13739
-1323 14820
-280 -15960
-304 -14885
-605 -13907
-726 -13097
-532 -11643
-276 -11096
-650 -9928
-556 -8550
-534 -7767
-570 -6590
-469 -5596
-281 -4844
-425 -3473
-647 -2459
-307 -1716
-284 -333
-393 706
-516 1328
-563 2632
-671 3811
-500 4467
-315 5812
-554 6607
-411 7938
-381 8561
-454 9732
-385 10871
-526 11828
-595 13014
-696 13800
-316 14762
313 -15927
758 -14905
619 -13990
365 -12697
395 -11741
288 -11017
518 -9816
488 -8919
448 -7887
420 -6460
552 -5903
546 -4880
504 -3399
648 -2510
335 -1469
638 -638
402 626
707 1800
306 2366
717 3544
684 4871
521 5592
478 6947
547 7896
355 8961
667 9933
740 10755
663 11818
386 12926
282 13883
359 15114
1547 -15976
1529 -14913
1616 -14004
1785 -12926
1450 -11880
1700 -10718
1522 -9883
1568 -8705
1404 -7831
1482 -6889
1638 -5849
1579 -4422
1663 -3560
1459 -2368
1488 -1808
1498 -315
1570 709
1547 1377
1408 2562
1613 3628
1773 4608
1428 5621
1687 6862
1298 7990
1350 8718
1363 9950
1583 10936
1663 11757
1438 12664
1395 14025
1315 15015
2612 -15953
2563 -15195
2714 -13835
2594 -12954
2439 -11891
2744 -10843
2764 -9755
2465 -8576
2625 -7791
2460 -6594
2422 -5499
2533 -4433
2384 -3507
2817 -2666
2524 -1806
2807 -277
2628 464
2334 1476
2371 2602
2708 3516
2325 4682
2739 5859
2406 6499
2697 7865
2574 8515
2558 9902
2755 11029
2627 12109
2624 12931
2481 14175
2615 14831
3681 -15760
3624 -14841
3609 -14054
3385 -12904
3783 -11681
3538 -11093
3852 -10023
3734 -8800
3391 -7894
3429 -6492
3397 -5550
3815 -4560
3507 -3769
3685 -2395
3576 -1501
3364 -737
3633 534
3768 1312
3771 2764
3635 3688
3729 4847
3685 5771
3850 6641
3425 7503
3646 8656
3845 9885
3369 11011
3515 11782
3368 13138
3449 13914
3635 14816
4453 -15967
4484 -14878
4487 -13713
4671 -12730
4704 -11856
4494 -10709
4673 -9658
4402 -8771
4609 -7963
4566 -6585
4589 -5736
4751 -4607
4820 -3735
4795 -2651
4566 -1535
4745 -523
4433 719
4462 1434
4804 2687
4439 3570
4501 4543
4476 5817
4427 6560
4532 7750
4527 8836
4523 9886
4394 11077
4509 12048
4508 12654
4491 13972
4674 15167
5447 -15923
5828 -15113
5897 -13881
5897 -13146
5431 -12052
5591 -10995
5895 -9844
5631 -8919
5901 -7648
5855 -6866
5597 -5493
5505 -4596
5777 -3665
5741 -2369
5925 -1715
5836 -749
5844 566
5556 1675
5523 2419
5820 3469
5594 4449
5636 5551
5704 6878
5667 7731
5684 8680
5771 9995
5506 11023
5654 12061
5548 12689
5826 13792
5552 15012
6545 -15973
6887 -15026
6825 -13871
6765 -13127
6837 -12112
6618 -10941
6896 -9649
6856 -8830
6518 -7759
6588 -6806
6614 -5564
6549 -4603
6871 -3366
6871 -2795
6740 -1758
6537 -385
6775 262
6524 1478
6778 2707
6673 3549
6853 4782
6802 5755
6747 6688
6468 7843
6931 8666
6459 9672
6460 10683
6879 12037
6539 12972
6916 14049
6824 14747
7531 -15931
7862 -14841
7678 -14099
7546 -13070
7965 -11714
7903 -10825
7612 -9619
7600 -8938
7565 -7874
7704 -6877
7715 -5803
7486 -4584
7939 -3396
7663 -2519
7485 -1376
7992 -725
7723 628
7908 1732
7948 2809
7492 3783
7861 4813
7660 5416
7833 6751
7576 7912
7903 8826
7490 9680
7921 10594
7938 11994
7969 12759
7665 14160
7518 14887
8537 -15973
8546 -14776
8717 -13696
8935 -12949
8925 -11846
8631 -11016
8796 -9590
8889 -8658
8904 -7714
8678 -6572
8928 -5843
8921 -4544
8985 -3488
8985 -2696
8870 -1295
8834 -398
8787 614
8816 1762
8852 2525
8676 3591
9001 4669
8825 5668
8757 6624
8624 7595
8968 8785
9018 9902
8880 10977
8708 11936
8783 12796
8986 13779
8659 14978
10023 -15832
9662 -14955
9921 -13732
10020 -13133
9722 -11676
9858 -10603
9734 -10027
9700 -8736
9690 -7910
9599 -6830
9995 -5518
9561 -4779
9776 -3590
9827 -2656
9936 -1383
10005 -427
9871 313
9649 1478
9548 2379
9755 3536
10049 4387
9707 5597
9578 6761
10016 7663
9950 8517
9859 9879
9969 10903
10006 11751
9639 12864
9866 14153
9679 14965
10893 -15792
10896 -14800
10709 -13874
11053 -12814
11080 -11659
10928 -10950
10712 -9676
11029 -8946
10625 -7663
10670 -6609
10734 -5931
10748 -4805
10719 -3603
10901 -2381
10813 -1346
10782 -744
10980 260
11026 1311
10901 2733
10948 3659
10944 4586
11023 5915
10652 6827
10647 7600
10778 8671
11057 9899
10743 10715
11032 11912
10978 12907
10825 13789
10783 15153
11731 -15998
12103 -14735
11652 -13843
11785 -12667
11942 -11873
11966 -10688
11977 -10017
11661 -8696
12004 -7786
12077 -6630
11612 -5578
11699 -4657
12077 -3580
11790 -2741
11999 -1692
11788 -268
11976 417
12091 1702
12121 2466
12002 3685
12004 4614
11827 5667
11879 6715
11674 7633
12083 8533
12101 10018
11981 10638
11815 11929
11964 13024
12030 13898
12102 14784
12860 -15908
12884 -15034
12881 -13957
12970 -13047
12686 -11924
12985 -10836
13090 -9961
12653 -8522
12890 -7518
12657 -6746
13082 -5551
12926 -4776
12832 -3751
13146 -2740
12989 -1330
12822 -721
12944 676
12879 1319
12781 2368
12786 3542
12886 4870
13084 5590
12707 6907
12810 7799
13059 8702
12667 9884
12701 10884
13102 11863
13071 13094
12989 13938
13050 14713
13747 -15882
13907 -14901
14010 -14027
14172 -12753
13774 -11972
13885 -11096
14012 -9830
14014 -8629
13700 -7710
13808 -6515
13894 -5457
13869 -4786
14155 -3365
13984 -2447
13698 -1784
14118 -673
14065 416
14092 1505
13991 2726
13775 3768
13713 4694
14090 5799
13702 6694
13937 7533
13686 8915
14180 9774
14033 10760
14014 11938
13849 12780
13881 13869
13831 14837
14797 -15910
15215 -15096
14846 -13777
15217 -12993
14843 -11864
14926 -10949
14850 -9856
15083 -8523
15090 -7793
15029 -6919
15053 -5924
14952 -4402
14851 -3844
14722 -2403
14935 -1546
14712 -450
14798 261
15160 1519
15118 2767
15104 3391
14894 4484
14892 5754
15006 6493
15029 7655
14958 8640
14930 9625
14846 11045
14774 11891
15203 12722
14910 13888
15050 14920
14006 11445
7525 -3568
2286 9937
8282 -2296
8902 1998
-4514 -4752
-9714 5698
-8201 -1739
-14973 5799
-6449 11892
-1949 -2125
15291 2515
6028 -4688
5611 7085
10459 11128
-12693 12817
10925 15185
-2398 1563
9122 -10116
15267 6377
12234 -5247
-10023 -13480
-15549 -2223
781 -10169
-8072 14684
-14277 10331
-3441 -14986
-3154 -9061
678 -9190
-13624 -511
-9710 -5964
-3693 -10433
-6779 14261
7130 -9305
-11855 6397
-14576 -11269
-10498 -8598
-8749 -5695
5179 12384